20 100000000   0.049158
20 100000000   0.058205
20 100000000   0.034705
20 100000000   0.107334
20 100000000   0.031810
20 100000000   0.035531
20 100000000   0.037230
20 100000000   0.068380
20 100000000   0.033668
20 100000000   0.071952
20 100000000   0.100629
20 100000000   0.063110
20 100000000   0.105769
20 100000000   0.078697
20 100000000   0.068528
20 100000000   0.034929
20 100000000   0.107096
20 100000000   0.031640
20 100000000   0.062016
20 100000000   0.045352
20 100000000   0.041471
20 100000000   0.068233
20 100000000   0.037800
20 100000000   0.070160
20 100000000   0.047852
20 100000000   0.033951
20 100000000   0.107935
20 100000000   0.030348
