18 100000000   0.108758
18 100000000   0.108479
18 100000000   0.042789
18 100000000   0.112125
18 100000000   0.034101
18 100000000   0.104267
18 100000000   0.071017
18 100000000   0.053160
18 100000000   0.035835
18 100000000   0.112241
18 100000000   0.070725
18 100000000   0.105490
18 100000000   0.100838
18 100000000   0.079190
18 100000000   0.121327
18 100000000   0.071528
18 100000000   0.112183
18 100000000   0.116032
18 100000000   0.113431
18 100000000   0.071177
18 100000000   0.036383
18 100000000   0.075395
18 100000000   0.041053
18 100000000   0.034880
18 100000000   0.113176
18 100000000   0.123797
18 100000000   0.110400
18 100000000   0.076447
18 100000000   0.082516
18 100000000   0.097491
