16 100000000   0.081109
16 100000000   0.120602
16 100000000   0.107893
16 100000000   0.114934
16 100000000   0.111050
16 100000000   0.114905
16 100000000   0.062455
16 100000000   0.059068
16 100000000   0.105668
16 100000000   0.085521
16 100000000   0.100057
16 100000000   0.077954
16 100000000   0.048068
16 100000000   0.109803
16 100000000   0.056428
16 100000000   0.055604
16 100000000   0.106524
16 100000000   0.086735
16 100000000   0.111164
16 100000000   0.056322
16 100000000   0.102828
16 100000000   0.115811
16 100000000   0.083519
16 100000000   0.110275
16 100000000   0.050845
16 100000000   0.119266
16 100000000   0.109168
16 100000000   0.101090
16 100000000   0.112366
16 100000000   0.119449
16 100000000   0.058652
16 100000000   0.062755
16 100000000   0.103111
16 100000000   0.059394
16 100000000   0.044223
16 100000000   0.077905
16 100000000   0.073814
16 100000000   0.105831
16 100000000   0.049881
16 100000000   0.105416
16 100000000   0.105104
16 100000000   0.106432
16 100000000   0.075598
16 100000000   0.081171
16 100000000   0.048923
16 100000000   0.121155
16 100000000   0.080618
16 100000000   0.108970
16 100000000   0.063325
16 100000000   0.119872
16 100000000   0.040121
16 1000000000   0.912428
16 1000000000   1.085825
16 1000000000   1.084221
16 1000000000   0.909456
16 1000000000   1.002306
