19 100000000   0.109793
19 100000000   0.110028
19 100000000   0.082332
19 100000000   0.110527
19 100000000   0.071321
19 100000000   0.067118
19 100000000   0.099962
19 100000000   0.106492
19 100000000   0.082709
19 100000000   0.116846
19 100000000   0.078081
19 100000000   0.053535
19 100000000   0.077528
19 100000000   0.105312
19 100000000   0.107593
19 100000000   0.066029
19 100000000   0.059846
19 100000000   0.105899
19 100000000   0.108722
19 100000000   0.047891
19 100000000   0.110129
19 100000000   0.083366
19 100000000   0.109065
19 100000000   0.117872
19 100000000   0.093689
19 100000000   0.070053
19 100000000   0.093080
19 100000000   0.105012
19 100000000   0.117503
19 100000000   0.050421
19 100000000   0.070042
19 100000000   0.081424
19 100000000   0.121187
19 100000000   0.112309
19 100000000   0.035418
19 100000000   0.116257
19 100000000   0.047029
19 100000000   0.072787
19 100000000   0.112829
19 100000000   0.060598
19 100000000   0.062102
19 100000000   0.113013
19 100000000   0.112802
19 100000000   0.107929
19 100000000   0.034828
19 100000000   0.118083
19 100000000   0.072562
19 100000000   0.111925
19 100000000   0.102856
19 100000000   0.079461
