8 100000000   0.104312
8 100000000   0.113243
8 100000000   0.108809
8 100000000   0.120732
8 100000000   0.114350
8 100000000   0.114019
8 100000000   0.108258
8 100000000   0.111208
8 100000000   0.123455
8 100000000   0.106561
8 100000000   0.108482
8 100000000   0.109920
8 100000000   0.120881
8 100000000   0.114902
8 100000000   0.110515
8 100000000   0.107126
8 100000000   0.108757
8 100000000   0.105708
8 100000000   0.110281
8 100000000   0.107212
8 100000000   0.117533
8 1000000000   1.131516
8 1000000000   1.291480
8 100000000   0.112519
8 100000000   0.113075
8 100000000   0.152524
8 1000000000   1.508553
8 1000000000   1.376274
8 1000000000   6.257361
8 1000000000   1.337399
