5 10000000   0.122707
5 10000000   0.119617
5 10000000   0.123562
5 10000000   0.122738
5 10000000   0.123559
5 10000000   0.092713
5 10000000   0.115593
5 10000000   0.115611
5 10000000   0.115571
5 10000000   0.091530
5 10000000   0.095145
5 10000000   0.097230
5 10000000   0.097210
5 10000000   0.097238
5 10000000   0.096122
5 10000000   0.092487
5 10000000   0.093860
5 10000000   0.093897
5 10000000   0.093891
5 10000000   0.093544
5 10000000   0.105160
5 10000000   0.104254
5 10000000   0.105394
5 10000000   0.104383
5 10000000   0.105381
5 10000000   0.092600
5 10000000   0.091729
5 10000000   0.092593
5 10000000   0.092214
5 10000000   0.092190
5 10000000   0.098845
