4 10000000   0.124090
4 10000000   0.124120
4 10000000   0.124116
4 10000000   0.122097
4 10000000   0.113860
4 10000000   0.127544
4 10000000   0.127583
4 10000000   0.127572
4 10000000   0.133894
4 10000000   0.133944
4 10000000   0.131688
4 10000000   0.133925
4 10000000   0.127941
4 10000000   0.115887
4 10000000   0.127983
4 10000000   0.127969
4 10000000   0.131503
4 10000000   0.131527
4 10000000   0.131524
4 10000000   0.129420
4 10000000   0.131647
4 10000000   0.135139
4 10000000   0.134875
4 10000000   0.134905
4 10000000   0.125578
4 10000000   0.119929
4 10000000   0.125550
4 10000000   0.125576
4 10000000   0.123907
4 10000000   0.125786
4 10000000   0.125755
4 10000000   0.125774
4 10000000   0.134775
4 10000000   0.134800
4 10000000   0.134793
4 10000000   0.132218
4 10000000   0.140205
4 10000000   0.140170
4 10000000   0.140197
4 10000000   0.138293
4 10000000   0.129441
4 10000000   0.129476
4 10000000   0.127299
4 10000000   0.129470
4 10000000   0.123600
4 10000000   0.120013
4 10000000   0.119992
4 10000000   0.123709
4 10000000   0.116564
