3 10000000   0.164280
3 10000000   0.165555
3 10000000   0.165556
3 10000000   0.187524
3 10000000   0.186058
3 10000000   0.187526
3 10000000   0.241006
3 10000000   0.221261
3 10000000   0.228555
3 10000000   0.173535
3 10000000   0.174708
3 10000000   0.174726
3 10000000   0.186295
3 10000000   0.184413
3 10000000   0.190351
3 10000000   0.158464
3 10000000   0.158394
3 10000000   0.158900
3 10000000   0.175419
3 10000000   0.177118
3 10000000   0.177120
3 10000000   0.166766
3 10000000   0.166761
3 10000000   0.165388
3 10000000   0.166912
3 10000000   0.166915
3 10000000   0.165236
3 10000000   0.165695
3 10000000   0.164641
3 10000000   0.165232
3 10000000   0.168507
3 10000000   0.168502
3 10000000   0.166816
3 10000000   0.156794
