8 10000000   0.069196
8 10000000   0.071727
8 10000000   0.065055
8 10000000   0.087876
8 10000000   0.049318
8 10000000   0.100729
8 10000000   0.069148
8 10000000   0.080853
8 635359   0.025859
8 655359   0.014119
8 100000000   1.803627
8 100000000   1.755620
8 100000000   2.317907
8 1310725   0.003676
8 655363   0.022975
8 1310725   0.009235
8 100000000   2.096904
8 100000000   1.713850
8 100000000   1.881223
8 100000000   1.745850
8 100000000   2.328484
8 100000000   1.431048
8 100000000   1.359472
8 100000000   1.829484
8 100000000   2.340955
8 100000000   3.114134
8 100000000   3.357862
8 100000000   1.702990
8 100000000   1.436037
8 100000000   1.331350
8 100000000   1.726643
8 100000000   1.528408
8 100000000   1.492366
8 100000000   1.867219
8 100000000   1.416532
8 100000000   1.734854
8 100000000   1.258363
8 100000000   2.593726
8 100000000   1.408984
8 100000000   1.778020
8 100000000   1.461434
8 100000000   1.157924
8 100000000   1.618654
8 100000000   1.561895
8 100000000   1.632354
8 100000000   1.300540
8 100000000   1.736018
8 100000000   1.610328
8 100000000   1.190335
8 100000000   1.317470
8 100000000   1.174558
8 100000000   1.484059
8 100000000   1.596061
8 100000000   1.131180
8 100000   0.002442
8 10000000   0.079133
8 100000000   1.147280
8 150000000   1.772895
8 100000000   0.752685
