2 10000000   0.253278
2 10000000   0.253250
2 10000000   0.229409
2 10000000   0.225272
2 10000000   0.297853
2 10000000   0.297824
2 10000000   0.270725
2 10000000   0.270694
2 10000000   0.339978
2 10000000   0.321666
2 10000000   0.244981
2 10000000   0.237839
2 10000000   0.313694
2 10000000   0.316523
2 10000000   0.297238
2 10000000   0.297262
2 10000000   0.314140
2 10000000   0.312801
2 10000000   0.319825
2 10000000   0.319801
2 10000000   0.274457
2 10000000   0.274493
2 10000000   0.332819
2 10000000   0.332797
2 10000000   0.287887
2 10000000   0.287909
2 10000000   0.305152
2 10000000   0.305125
2 10000000   0.225926
