8 10000000   0.099802
8 10000000   0.099903
8 10000000   0.103099
8 10000000   0.103105
8 10000000   0.100866
8 10000000   0.099933
8 10000000   0.099957
8 10000000   0.098997
8 10000000   0.140634
8 10000000   0.181466
8 10000000   0.179098
8 10000000   0.141706
8 10000000   0.181453
8 10000000   0.142263
8 10000000   0.179149
8 10000000   0.142278
8 10000000   0.085709
8 10000000   0.071454
8 10000000   0.085065
8 10000000   0.085754
8 10000000   0.085736
8 10000000   0.115187
8 10000000   0.115206
8 10000000   0.115024
8 10000000   0.088132
8 10000000   0.085832
8 10000000   0.088162
8 10000000   0.094018
8 10000000   0.093990
8 10000000   0.086433
8 10000000   0.094004
8 10000000   0.094004
8 10000000   0.063592
8 10000000   0.064203
8 10000000   0.064193
8 10000000   0.063450
8 10000000   0.064201
8 10000000   0.064176
8 10000000   0.063735
8 10000000   0.063678
