6 10000000   0.084506
6 10000000   0.084496
6 10000000   0.083762
6 10000000   0.084098
6 10000000   0.084325
6 10000000   0.084471
6 10000000   0.086430
6 10000000   0.085509
6 10000000   0.084388
6 10000000   0.084602
6 10000000   0.084272
6 10000000   0.085459
6 10000000   0.085659
6 10000000   0.085690
6 10000000   0.085490
6 10000000   0.086882
6 10000000   0.086837
6 10000000   0.086869
6 10000000   0.081559
6 10000000   0.079466
6 10000000   0.082955
6 10000000   0.079346
6 10000000   0.082938
6 10000000   0.079056
6 10000000   0.126416
6 10000000   0.109336
6 10000000   0.106822
6 10000000   0.097399
6 10000000   0.109312
6 10000000   0.097440
6 10000000   0.095989
6 10000000   0.083025
6 10000000   0.078473
6 10000000   0.095962
6 10000000   0.078448
6 10000000   0.078509
6 10000000   0.088158
6 10000000   0.077630
