1 10000000   0.554357
1 10000000   0.688134
1 10000000   0.763258
1 10000000   0.648076
1 10000000   0.487840
1 10000000   0.513672
1 10000000   0.526336
1 10000000   0.549852
1 10000000   0.569553
1 10000000   0.506722
1 10000000   0.561319
1 10000000   0.597225
1 10000000   0.501353
1 10000000   0.551119
1 10000000   0.549193
1 10000000   0.664621
1 10000000   0.508179
1 10000000   0.644754
1 10000000   0.549396
1 10000000   0.571826
1 10000000   0.562292
1 10000000   0.508486
1 10000000   0.530092
