7 10000000   0.077358
7 10000000   0.094309
7 10000000   0.094344
7 10000000   0.060310
7 10000000   0.077360
7 10000000   0.094330
7 10000000   0.076425
7 10000000   0.103339
7 10000000   0.132396
7 10000000   0.128634
7 10000000   0.113870
7 10000000   0.103308
7 10000000   0.128062
7 10000000   0.082450
7 10000000   0.109100
7 10000000   0.089614
7 10000000   0.079941
7 10000000   0.080261
7 10000000   0.088688
7 10000000   0.109058
7 10000000   0.089622
7 10000000   0.146397
7 10000000   0.108332
7 10000000   0.107325
7 10000000   0.146338
7 10000000   0.146372
7 10000000   0.108340
7 10000000   0.108009
7 10000000   0.114258
7 10000000   0.108878
7 10000000   0.113005
7 10000000   0.116088
7 10000000   0.132732
7 10000000   0.130313
7 10000000   0.114890
7 10000000   0.073878
