13 1000000000   1.119301
13 1000000000   1.098914
13 1000000000   1.042787
13 1000000000   0.993038
13 1000000000   1.214417
13 1000000000   1.083255
13 1000000000   1.080445
13 1000000000   1.152230
13 1000000000   1.099857
13 1000000000   1.174728
13 1000000000   1.222184
13 1000000000   1.015078
13 1000000000   1.086985
13 1000000000   1.092794
13 1000000000   1.081282
13 1000000000   1.079496
13 1000000000   0.907212
13 1000000000   1.166862
13 1000000000   1.122468
13 1000000000   1.159209
