17 1000000000  18.044108
17 1000000000  18.061768
17 1000000000  17.950554
17 1000000000  17.998873
17 1000000000  17.852848
17 1000000000  17.959449
17 1000000000  18.073512
17 1000000000  18.009285
17 1000000000  18.013949
17 1000000000  18.273872
17 1000000000  18.078455
17 1000000000  18.003149
17 1000000000  18.211831
17 1000000000  18.024363
17 1000000000  18.071223
17 1000000000  18.012242
17 1000000000  17.931695
17 1000000000  17.880184
17 1000000000  17.975249
17 1000000000  17.821247
