18 1000000000   1.094244
18 1000000000   0.908215
18 1000000000   1.139938
18 1000000000   1.006471
18 1000000000   1.080095
18 1000000000   0.966133
18 1000000000   1.123089
18 1000000000   0.983109
18 1000000000   0.971629
18 1000000000   1.009497
18 1000000000   1.000233
18 1000000000   1.046029
18 1000000000   0.863644
18 1000000000   0.981776
18 1000000000   1.072482
18 1000000000   1.019416
18 1000000000   1.020887
18 1000000000   0.980129
18 1000000000   0.939213
18 1000000000   1.031243
