14 1000000000   8.869943
14 1000000000   8.869879
14 1000000000   8.849775
14 1000000000   8.816309
14 1000000000   8.825795
14 1000000000   8.835345
14 1000000000   8.768370
14 1000000000   8.900962
14 1000000000   8.781764
14 1000000000   8.877698
14 1000000000   8.862645
14 1000000000   8.754621
14 1000000000   8.875615
14 1000000000   8.757923
14 1000000000   8.806092
14 1000000000   8.889872
14 1000000000   8.925151
14 1000000000   8.757610
14 1000000000   8.818294
14 1000000000   8.825032
