19 1000000000   1.092907
19 1000000000   0.973646
19 1000000000   1.041782
19 1000000000   1.069770
19 1000000000   1.073592
19 1000000000   0.864681
19 1000000000   1.100898
19 1000000000   1.043688
19 1000000000   1.004568
19 1000000000   1.040122
19 1000000000   1.078464
19 1000000000   1.055028
19 1000000000   1.018461
19 1000000000   0.968943
19 1000000000   1.080067
19 1000000000   0.970148
19 1000000000   1.018660
19 1000000000   0.601116
19 1000000000   1.057661
19 1000000000   1.044842
