19 1000000000   8.764653
19 1000000000   8.734543
19 1000000000   8.718117
19 1000000000   8.679962
19 1000000000   8.749460
19 1000000000   8.834087
19 1000000000   8.818932
19 1000000000   8.788646
19 1000000000   8.714680
19 1000000000   8.814760
19 1000000000   8.822793
19 1000000000   8.819428
19 1000000000   8.673406
19 1000000000   8.814394
19 1000000000   8.826401
19 1000000000   8.785421
19 1000000000   8.739376
19 1000000000   8.611517
19 1000000000   8.788519
19 1000000000   8.867782
