11 1000000000   8.890683
11 1000000000   8.941521
11 1000000000   8.825375
11 1000000000   8.924565
11 1000000000   8.896041
11 1000000000   8.889876
11 1000000000   8.847557
11 1000000000   8.787020
11 1000000000   8.886000
11 1000000000   8.831691
11 1000000000   8.812118
11 1000000000   8.855969
11 1000000000   8.823471
11 1000000000   8.828844
11 1000000000   8.913694
11 1000000000   8.768147
11 1000000000   8.863416
11 1000000000   8.808923
11 1000000000   8.956558
11 1000000000   8.900495
