12 1000000000   8.882295
12 1000000000   8.826769
12 1000000000   8.736612
12 1000000000   8.783695
12 1000000000   8.825175
12 1000000000   8.794810
12 1000000000   8.783942
12 1000000000   8.846862
12 1000000000   8.856077
12 1000000000   8.831838
12 1000000000   8.733253
12 1000000000   8.792491
12 1000000000   8.880478
12 1000000000   8.742074
12 1000000000   8.771653
12 1000000000   8.807158
12 1000000000   8.839183
12 1000000000   8.760117
12 1000000000   8.776653
12 1000000000   8.881078
