15 1000000000   8.730062
15 1000000000   8.746790
15 1000000000   8.719256
15 1000000000   8.702382
15 1000000000   8.642894
15 1000000000   8.823009
15 1000000000   8.950891
15 1000000000   8.795861
15 1000000000   8.664666
15 1000000000   8.709160
15 1000000000   8.835210
15 1000000000   8.877293
15 1000000000   8.902495
15 1000000000   8.776060
15 1000000000   8.674596
15 1000000000   8.645276
15 1000000000   8.785131
15 1000000000   8.754624
15 1000000000   8.759664
15 1000000000   8.586696
