16 1000000000   8.683598
16 1000000000   8.857851
16 1000000000   8.731126
16 1000000000   8.772427
16 1000000000   8.891236
16 1000000000   8.784955
16 1000000000   8.765427
16 1000000000   8.763901
16 1000000000   8.835504
16 1000000000   8.673854
16 1000000000   8.775730
16 1000000000   8.553641
16 1000000000   8.730161
16 1000000000   8.795271
16 1000000000   8.815667
16 1000000000   8.659249
16 1000000000   8.740969
16 1000000000   8.686799
16 1000000000   8.875733
16 1000000000   8.633990
