13 1000000000   8.839044
13 1000000000   8.775181
13 1000000000   8.820496
13 1000000000   8.816886
13 1000000000   8.828592
13 1000000000   8.793425
13 1000000000   8.835540
13 1000000000   8.730788
13 1000000000   8.889383
13 1000000000   8.845856
13 1000000000   8.860498
13 1000000000   8.857556
13 1000000000   8.888855
13 1000000000   8.863859
13 1000000000   8.759931
13 1000000000   8.733664
13 1000000000   8.763546
13 1000000000   8.562850
13 1000000000   8.743778
13 1000000000   8.776147
