20 1000000000   8.255004
20 1000000000   8.677940
20 1000000000   8.747996
20 1000000000   8.693231
20 1000000000   8.661269
20 1000000000   8.463661
20 1000000000   8.622823
20 1000000000   8.689967
20 1000000000   8.673975
20 1000000000   8.642013
20 1000000000   8.590864
20 1000000000   8.443018
20 1000000000   8.727816
20 1000000000   8.681574
20 1000000000   8.702138
20 1000000000   8.634322
20 1000000000   8.713483
20 1000000000   8.672693
20 1000000000   8.721799
20 1000000000   8.398962
