17 1000000000   8.688613
17 1000000000   8.694853
17 1000000000   8.735721
17 1000000000   8.646332
17 1000000000   8.751104
17 1000000000   8.801339
17 1000000000   8.707068
17 1000000000   8.727045
17 1000000000   8.624223
17 1000000000   8.687671
17 1000000000   8.612695
17 1000000000   8.655952
17 1000000000   8.677431
17 1000000000   8.746288
17 1000000000   8.770563
17 1000000000   8.760240
17 1000000000   8.877940
17 1000000000   8.738320
17 1000000000   8.586865
17 1000000000   8.817925
