10 1000000000   8.910536
10 1000000000   8.924150
10 1000000000   8.931172
10 1000000000   8.912065
10 1000000000   8.962538
10 1000000000   8.796672
10 1000000000   8.904635
10 1000000000   9.045874
10 1000000000   8.908983
10 1000000000   8.898593
10 1000000000   8.754183
10 1000000000   8.840458
10 1000000000   8.820949
10 1000000000   8.919607
10 1000000000   8.907173
10 1000000000   8.886922
10 1000000000   8.862424
10 1000000000   8.872334
10 1000000000   8.881696
10 1000000000   8.814972
