13 1000000000  17.948471
13 1000000000  17.990753
13 1000000000  17.852815
13 1000000000  18.054776
13 1000000000  17.994063
13 1000000000  18.064595
13 1000000000  17.900866
13 1000000000  17.929126
13 1000000000  17.901887
13 1000000000  17.973505
13 1000000000  17.986409
13 1000000000  17.958905
13 1000000000  17.937954
13 1000000000  17.956020
13 1000000000  18.075502
13 1000000000  17.960603
13 1000000000  17.886095
13 1000000000  18.023020
13 1000000000  17.818256
13 1000000000  17.991200
