10 1000000000  18.240234
10 1000000000  18.314968
10 1000000000  18.320692
10 1000000000  18.258220
10 1000000000  18.235593
10 1000000000  18.111941
10 1000000000  18.170861
10 1000000000  18.245972
10 1000000000  18.183524
10 1000000000  18.176150
10 1000000000  18.217655
10 1000000000  18.302446
10 1000000000  18.330147
10 1000000000  18.134476
10 1000000000  18.282889
10 1000000000  18.129347
10 1000000000  18.076836
10 1000000000  18.551045
10 1000000000  18.447807
10 1000000000  18.894274
