11 1000000000   0.999395
11 1000000000   1.021627
11 1000000000   1.035977
11 1000000000   1.093800
11 1000000000   1.013024
11 1000000000   1.045753
11 1000000000   0.966765
11 1000000000   1.011878
11 1000000000   1.043818
11 1000000000   1.050278
11 1000000000   1.031181
11 1000000000   1.049348
11 1000000000   1.096546
11 1000000000   1.020387
11 1000000000   0.982631
11 1000000000   1.002317
11 1000000000   1.012871
11 1000000000   1.025188
11 1000000000   1.036944
11 1000000000   1.043272
