20 1000000000   0.890262
20 1000000000   1.084280
20 1000000000   1.067544
20 1000000000   1.026020
20 1000000000   1.047017
20 1000000000   1.015482
20 1000000000   1.054920
20 1000000000   0.919482
20 1000000000   1.020936
20 1000000000   0.582883
20 1000000000   0.948195
20 1000000000   1.048653
20 1000000000   1.001000
20 1000000000   1.042693
20 1000000000   1.020341
20 1000000000   1.072257
20 1000000000   1.028731
20 1000000000   1.103868
20 1000000000   1.054590
20 1000000000   1.061825
