19 1000000000  17.858370
19 1000000000  17.827158
19 1000000000  17.986676
19 1000000000  17.888877
19 1000000000  17.916211
19 1000000000  17.901340
19 1000000000  17.816425
19 1000000000  17.967742
19 1000000000  17.916164
19 1000000000  17.623569
19 1000000000  17.737118
19 1000000000  17.850744
19 1000000000  17.726260
19 1000000000  17.844678
19 1000000000  17.779243
19 1000000000  17.818113
19 1000000000  17.925153
19 1000000000  17.738123
19 1000000000  17.767638
19 1000000000  17.915458
