18 1000000000   8.802917
18 1000000000   8.743005
18 1000000000   8.785121
18 1000000000   8.712347
18 1000000000   8.858639
18 1000000000   8.790561
18 1000000000   8.885293
18 1000000000   8.767869
18 1000000000   8.839387
18 1000000000   8.773743
18 1000000000   8.785958
18 1000000000   8.693357
18 1000000000   8.803108
18 1000000000   8.617991
18 1000000000   8.726318
18 1000000000   8.809939
18 1000000000   8.838262
18 1000000000   8.841426
18 1000000000   8.727294
18 1000000000   8.748917
