17 1000000000   0.953469
17 1000000000   0.934819
17 1000000000   1.081749
17 1000000000   1.044139
17 1000000000   1.056454
17 1000000000   1.015554
17 1000000000   1.043929
17 1000000000   0.983816
17 1000000000   0.806859
17 1000000000   0.926844
17 1000000000   1.042670
17 1000000000   1.024378
17 1000000000   1.088097
17 1000000000   0.965140
17 1000000000   0.970183
17 1000000000   1.027662
17 1000000000   1.067631
17 1000000000   0.881162
17 1000000000   0.988534
17 1000000000   1.049320
