10 1000000000   8.795732
10 1000000000   8.841160
10 1000000000   8.874595
10 1000000000   9.078154
10 1000000000   8.931421
10 1000000000   8.862979
10 1000000000   8.906838
10 1000000000   8.832986
10 1000000000   9.051870
10 1000000000   8.841778
10 1000000000   8.872983
10 1000000000   8.901739
10 1000000000   8.936021
10 1000000000   8.871790
10 1000000000   8.868485
10 1000000000   8.818382
10 1000000000   8.885758
10 1000000000   8.869312
10 1000000000   8.823024
10 1000000000   8.887821
