15 1000000000   8.645232
15 1000000000   8.776428
15 1000000000   8.784088
15 1000000000   8.779413
15 1000000000   8.774312
15 1000000000   8.804460
15 1000000000   8.653136
15 1000000000   8.714224
15 1000000000   8.832733
15 1000000000   8.741782
15 1000000000   8.739473
15 1000000000   8.793381
15 1000000000   8.746616
15 1000000000   8.645407
15 1000000000   8.745096
15 1000000000   8.752908
15 1000000000   8.794507
15 1000000000   8.713634
15 1000000000   8.856030
15 1000000000   8.782361
