18 1000000000  17.818589
18 1000000000  17.976453
18 1000000000  18.054626
18 1000000000  18.033073
18 1000000000  17.816453
18 1000000000  17.827568
18 1000000000  17.817068
18 1000000000  17.687485
18 1000000000  17.951990
18 1000000000  17.776464
18 1000000000  18.047591
18 1000000000  17.956352
18 1000000000  17.953813
18 1000000000  17.885198
18 1000000000  17.880723
18 1000000000  17.854898
18 1000000000  17.917527
18 1000000000  17.943893
18 1000000000  17.816031
18 1000000000  17.862278
