10 1000000000   1.096716
10 1000000000   1.039184
10 1000000000   1.072485
10 1000000000   1.019127
10 1000000000   1.093022
10 1000000000   1.019238
10 1000000000   1.056402
10 1000000000   1.007330
10 1000000000   1.071107
10 1000000000   1.037797
10 1000000000   0.983113
10 1000000000   1.090132
10 1000000000   0.975585
10 1000000000   1.050043
10 1000000000   1.052228
10 1000000000   1.075830
10 1000000000   1.033524
10 1000000000   1.114100
10 1000000000   1.088975
10 1000000000   1.069420
