16 1000000000   8.632260
16 1000000000   8.716128
16 1000000000   8.769581
16 1000000000   8.764637
16 1000000000   8.553311
16 1000000000   8.584295
16 1000000000   8.767918
16 1000000000   8.818189
16 1000000000   8.803300
16 1000000000   8.704474
16 1000000000   8.683545
16 1000000000   8.731900
16 1000000000   8.666926
16 1000000000   8.719888
16 1000000000   8.712385
16 1000000000   8.738464
16 1000000000   8.733448
16 1000000000   8.711026
16 1000000000   8.737170
16 1000000000   8.701204
