12 1000000000  18.063644
12 1000000000  18.231546
12 1000000000  18.028841
12 1000000000  18.192195
12 1000000000  18.156632
12 1000000000  18.014933
12 1000000000  17.912728
12 1000000000  18.040650
12 1000000000  18.043871
12 1000000000  17.951052
12 1000000000  18.004921
12 1000000000  18.017004
12 1000000000  18.094421
12 1000000000  18.078302
12 1000000000  18.047801
12 1000000000  18.012607
12 1000000000  18.084245
12 1000000000  18.038207
12 1000000000  18.020671
12 1000000000  17.953648
