12 1000000000   8.966249
12 1000000000   8.879779
12 1000000000   8.807642
12 1000000000   8.946253
12 1000000000   8.769926
12 1000000000   8.908030
12 1000000000   8.859819
12 1000000000   8.802537
12 1000000000   8.986598
12 1000000000   8.926866
12 1000000000   8.810163
12 1000000000   8.855360
12 1000000000   8.830117
12 1000000000   8.914269
12 1000000000   8.860741
12 1000000000   8.740902
12 1000000000   8.796439
12 1000000000   8.707153
12 1000000000   8.890365
12 1000000000   8.814586
