14 1000000000  18.039874
14 1000000000  17.979767
14 1000000000  17.983398
14 1000000000  18.058968
14 1000000000  17.904533
14 1000000000  18.035510
14 1000000000  18.271554
14 1000000000  18.009828
14 1000000000  18.030459
14 1000000000  17.962412
14 1000000000  18.099732
14 1000000000  18.058308
14 1000000000  18.023150
14 1000000000  18.060456
14 1000000000  17.969246
14 1000000000  18.001949
14 1000000000  17.977147
14 1000000000  18.020526
14 1000000000  17.900623
14 1000000000  17.960577
