20 1000000000   8.683168
20 1000000000   8.813451
20 1000000000   8.624604
20 1000000000   8.738865
20 1000000000   8.764392
20 1000000000   8.766370
20 1000000000   8.765556
20 1000000000   8.804647
20 1000000000   8.707023
20 1000000000   8.803740
20 1000000000   8.736800
20 1000000000   8.667518
20 1000000000   8.610312
20 1000000000   8.730124
20 1000000000   8.759920
20 1000000000   8.811352
20 1000000000   8.762931
20 1000000000   8.678764
20 1000000000   8.733045
20 1000000000   8.765977
