18 1000000000   8.899296
18 1000000000   8.833483
18 1000000000   8.759487
18 1000000000   8.630281
18 1000000000   8.673655
18 1000000000   8.773386
18 1000000000   8.695779
18 1000000000   8.744468
18 1000000000   8.733320
18 1000000000   8.708683
18 1000000000   8.894464
18 1000000000   8.768221
18 1000000000   8.672283
18 1000000000   8.692017
18 1000000000   8.745072
18 1000000000   8.536941
18 1000000000   8.616978
18 1000000000   8.672869
18 1000000000   8.661037
18 1000000000   8.712015
