11 1000000000  18.374274
11 1000000000  18.727935
11 1000000000  18.607351
11 1000000000  18.859486
11 1000000000  18.651531
11 1000000000  18.259256
11 1000000000  18.057722
11 1000000000  18.071813
11 1000000000  18.223256
11 1000000000  18.084129
11 1000000000  18.120131
11 1000000000  18.088001
11 1000000000  18.078976
11 1000000000  18.122919
11 1000000000  17.979750
11 1000000000  18.161356
11 1000000000  18.180906
11 1000000000  18.251316
11 1000000000  18.128922
11 1000000000  18.164582
