16 1000000000   1.004853
16 1000000000   1.080385
16 1000000000   1.029547
16 1000000000   1.006733
16 1000000000   1.063100
16 1000000000   1.052148
16 1000000000   1.039058
16 1000000000   0.902355
16 1000000000   1.043453
16 1000000000   1.055561
16 1000000000   0.921285
16 1000000000   0.958433
16 1000000000   0.985144
16 1000000000   1.084027
16 1000000000   1.034057
16 1000000000   0.952444
16 1000000000   0.962952
16 1000000000   0.976442
16 1000000000   0.971245
16 1000000000   1.046024
