13 1000000000   8.766541
13 1000000000   8.883013
13 1000000000   8.799375
13 1000000000   8.790655
13 1000000000   8.817192
13 1000000000   8.806236
13 1000000000   8.845554
13 1000000000   8.895675
13 1000000000   8.836442
13 1000000000   8.799159
13 1000000000   8.838133
13 1000000000   8.902532
13 1000000000   8.754710
13 1000000000   8.784067
13 1000000000   8.811946
13 1000000000   8.931957
13 1000000000   8.846069
13 1000000000   8.835442
13 1000000000   8.855644
13 1000000000   8.839610
