19 1000000000   8.628628
19 1000000000   8.703657
19 1000000000   8.682205
19 1000000000   8.685329
19 1000000000   8.444196
19 1000000000   8.709538
19 1000000000   8.710754
19 1000000000   8.780605
19 1000000000   8.732088
19 1000000000   8.737748
19 1000000000   8.689194
19 1000000000   8.791407
19 1000000000   8.632335
19 1000000000   8.672766
19 1000000000   8.769732
19 1000000000   8.670281
19 1000000000   8.670862
19 1000000000   8.676671
19 1000000000   8.727147
19 1000000000   8.706701
