14 1000000000   1.095717
14 1000000000   1.033906
14 1000000000   1.097228
14 1000000000   1.121671
14 1000000000   1.053260
14 1000000000   0.977499
14 1000000000   0.955834
14 1000000000   0.994250
14 1000000000   1.021013
14 1000000000   1.112775
14 1000000000   1.065328
14 1000000000   1.096905
14 1000000000   1.118412
14 1000000000   1.080635
14 1000000000   1.091820
14 1000000000   1.056025
14 1000000000   1.073684
14 1000000000   1.035592
14 1000000000   0.896372
14 1000000000   1.031805
