17 1000000000   8.769148
17 1000000000   8.764601
17 1000000000   8.742097
17 1000000000   8.862137
17 1000000000   8.795657
17 1000000000   8.745183
17 1000000000   8.803840
17 1000000000   8.924401
17 1000000000   8.888430
17 1000000000   8.819862
17 1000000000   8.840802
17 1000000000   8.700405
17 1000000000   8.708646
17 1000000000   8.674416
17 1000000000   8.780524
17 1000000000   8.813543
17 1000000000   8.781986
17 1000000000   8.683260
17 1000000000   8.838226
17 1000000000   8.795787
