15 1000000000  17.741114
15 1000000000  17.914263
15 1000000000  17.995119
15 1000000000  17.956159
15 1000000000  17.730759
15 1000000000  17.868679
15 1000000000  17.846347
15 1000000000  18.037399
15 1000000000  17.941063
15 1000000000  17.958260
15 1000000000  18.112611
15 1000000000  18.049862
15 1000000000  17.911108
15 1000000000  17.864514
15 1000000000  17.750325
15 1000000000  17.984853
15 1000000000  17.990174
15 1000000000  17.932045
15 1000000000  17.888156
15 1000000000  17.897521
