15 1000000000   1.255630
15 1000000000   1.183929
15 1000000000   1.213007
15 1000000000   1.224739
15 1000000000   1.238736
15 1000000000   1.031919
15 1000000000   1.033616
15 1000000000   1.008554
15 1000000000   0.967823
15 1000000000   0.929904
15 1000000000   1.049972
15 1000000000   1.013510
15 1000000000   1.002510
15 1000000000   0.971069
15 1000000000   0.937189
15 1000000000   1.045251
15 1000000000   1.116148
15 1000000000   1.009006
15 1000000000   1.053477
15 1000000000   1.086879
