12 1000000000   1.043090
12 1000000000   1.013036
12 1000000000   1.042396
12 1000000000   1.035831
12 1000000000   1.090995
12 1000000000   1.043597
12 1000000000   1.023657
12 1000000000   1.046346
12 1000000000   1.009258
12 1000000000   1.055951
12 1000000000   1.082854
12 1000000000   1.026869
12 1000000000   1.046436
12 1000000000   1.003908
12 1000000000   1.062065
12 1000000000   1.082232
12 1000000000   1.105838
12 1000000000   0.992598
12 1000000000   0.960376
12 1000000000   1.193044
