11 1000000000   8.921793
11 1000000000   8.876351
11 1000000000   8.903857
11 1000000000   8.923910
11 1000000000   8.863676
11 1000000000   8.819792
11 1000000000   9.030314
11 1000000000   8.908861
11 1000000000   8.850661
11 1000000000   8.837419
11 1000000000   8.923267
11 1000000000   8.862660
11 1000000000   8.863586
11 1000000000   8.862327
11 1000000000   8.876648
11 1000000000   8.777365
11 1000000000   8.874389
11 1000000000   8.887409
11 1000000000   8.876582
11 1000000000   9.082878
