16 1000000000  18.013708
16 1000000000  17.675227
16 1000000000  17.903679
16 1000000000  17.947768
16 1000000000  17.939211
16 1000000000  17.951738
16 1000000000  17.903985
16 1000000000  17.688693
16 1000000000  17.925843
16 1000000000  17.749664
16 1000000000  17.876704
16 1000000000  18.015164
16 1000000000  17.763379
16 1000000000  17.864351
16 1000000000  18.039361
16 1000000000  18.259200
16 1000000000  17.689126
16 1000000000  17.995087
16 1000000000  18.174562
16 1000000000  18.058910
