14 1000000000   8.737636
14 1000000000   8.758226
14 1000000000   8.744105
14 1000000000   8.699630
14 1000000000   8.756623
14 1000000000   8.758300
14 1000000000   8.726028
14 1000000000   8.744572
14 1000000000   8.713055
14 1000000000   8.772185
14 1000000000   8.689109
14 1000000000   8.749818
14 1000000000   8.705499
14 1000000000   8.721260
14 1000000000   8.764622
14 1000000000   8.700210
14 1000000000   8.675731
14 1000000000   8.690159
14 1000000000   8.683253
14 1000000000   8.739928
