20 1000000000  17.817009
20 1000000000  17.936539
20 1000000000  17.811566
20 1000000000  17.529896
20 1000000000  17.816981
20 1000000000  17.961161
20 1000000000  17.803594
20 1000000000  17.780986
20 1000000000  17.512968
20 1000000000  17.901736
20 1000000000  17.966690
20 1000000000  17.744428
20 1000000000  17.676086
20 1000000000  17.907266
20 1000000000  17.710148
20 1000000000  18.029524
20 1000000000  17.952735
20 1000000000  17.848428
20 1000000000  17.944210
20 1000000000  17.833659
