1 100000000   2.797330
1 100000000   2.957939
1 100000000   2.949773
1 100000000   2.949877
1 100000000   2.919263
1 100000000   2.955842
1 100000000   2.909092
1 100000000   3.027123
1 100000000   3.021914
1 100000000   2.910977
1 100000000   2.553526
1 100000000   2.603873
1 100000000   2.536186
1 100000000   2.981389
1 100000000   3.099829
1 100000000   3.350103
1 100000000   3.388889
1 100000000   2.745206
1 100000000   2.742592
1 100000000   2.770484
1 100000000   2.901277
1 10000000   0.228026
1 100000000   2.702885
1 1000000000  34.062767
