1 100000000   0.836742
1 100000000   0.846060
1 100000000   0.857569
1 100000000   0.852344
1 100000000   0.845240
1 100000000   0.841796
1 100000000   0.846847
1 100000000   0.838848
1 100000000   0.841298
1 100000000   0.838682
1 100000000   0.841492
1 100000000   0.854361
1 100000000   0.839581
1 100000000   0.836347
1 100000000   0.843662
1 100000000   0.846310
1 100000000   0.853951
1 100000000   0.839858
1 100000000   0.838367
1 100000000   0.846990
1 100000000   0.607764
1 100000000   0.966930
1 1000000000   8.530964
