2 100000000   0.416513
2 100000000   0.425775
2 100000000   0.428230
2 100000000   0.426665
2 100000000   0.420568
2 100000000   0.412245
2 100000000   0.423931
2 100000000   0.421952
2 100000000   0.429833
2 100000000   0.420466
2 100000000   0.420105
2 100000000   0.427498
2 100000000   0.419168
2 100000000   0.423490
2 100000000   0.429687
2 100000000   0.425860
2 100000000   0.424010
2 100000000   0.431276
2 100000000   0.423514
2 100000000   0.433174
2 100000000   0.307808
2 100000000   0.443589
2 100000000   0.485703
